395047
408024
409259
410256
406940
400120
396504
395041
412064
414293
408633
405220
395781
396393
396270
395715
400156
403181
404933
413425
405010
397038
402290
396745
403028
395784
395755
396228
405058
404561
402939
402939
402939
402939
402939
402939
402939
402939
402939
402939
402939
402939
402939
402939
402939
402939
402939
402939
402939
402939
402939
402939
402939
402939
402939
402939
396890
396890
396890
396890
396890
396890
396890
396890
396890
396890
396890
396890
396890
396890
396890
396890
396890
396890
396890
396890
396890
396890
396890
396890
396890
396890
396890
396890
405288
401886
396034
402735
396180
401695
409443
396054
401998
401883
403355
399756
396074
396249
396039
395728
394957
403099
397247
396463
396119
402704
413946
409796
409924
403615
396928
396652
394981
401430
400283
403099
396867
397255
402687
413390
409762
407090
398412
405494
406994
403604
400190
399710
396536
394980
399675
402755
402744
396066
395858
396367
404310
404891
407040
406868
404340
401361
397104
395052
398015
396853
395705
396978
414863
405865
413370
396376
402852
396754
395779
396414
405274
396576
403073
396595
396221
395706
414116
406329
405204
399134
400186
396337
402809
401865
410276
411180
407534
405913
394826
400456
412408
402698
401830
399312
396031
396223
403073
395819
396315
396098
395751
405655
406799
403757
400266
395989
396093
406135
401750
409185
402734
396764
395854
402511
396397
395748
395826
402704
404721
410265
413425
396964
404948
395697
396435
404225
405593
404571
412738
404413
408619
395898
396100
401914
396355
396634
396739
404022
413951
405278
395997
396703
403045
399623
397338
396160
396315
401835
415059
396391
396808
397292
396660
395976
395132
395304
403903
404604
396277
397042
395789
397001
395870
404095
404611
406164
413401
413757
402503
400360
398676
397055
396246
396899
396663
396542
395966
395770
395768
397261
395828
395839
396208
396013
404068
395923
404764
405510
403808
415049
406306
402815
412683
399641
395591
396429
395850
396243
396228
395816
403313
405380
404424
402353
407991
405649
406026
411137
397041
404920
395976
395372
404243
404858
413738
404578
396402
395845
396963
396725
398774
409103
413645
407084
407933
398069
396405
395998
405567
403192
396907
395780
404438
404597
404715
413750
409927
399756
396933
396666
414863
402148
400910
398329
395820
395816
413211
404233
402081
405208
389385
401002
401593
395837
410249
407739
405880
396880
396994
402743
396106
395132
403133
395851
396032
396907
396513
396854
405625
405405
402867
411174
413402
399639
396287
396162
396410
403054
404589
404230
404758
411066
404281
402920
399478
404951
403081
403110
395767
396061
403807
402944
401894
404722
406784
402965
400003
396379
398707
402277
403113
396534
397261
395853
396366
407799
409883
409185
398285
396413
395875
395721
395632
395819
403938
403955
404721
413941
400725
396016
396009
397120
396189
395080
406778
406718
407032
407049
405863
397628
400676
397023
395647
398156
400154
396008
395773
405437
404518
407028
403038
402909
396444
395937
396260
402262
396939
397014
409762
412027
399963
399800
403074
394995
404257
404484
401547
399540
410973
405671
408063
405302
407088
402974
395963
395898
407148
401729
403039
404143
404627
396010
396187
395778
396428
396230
395835
403071
406848
413702
409887
408565
404630
404921
396428
401755
402806
409125
404601
411178
411978
402844
400357
396532
404762
402928
399632
400437
401027
402902
396176
396069
398776
403946
405451
406304
407234
397117
396258
403165
396479
407105
407096
399441
395997
396074
396984
395829
395817
395695
404482
403842
405281
404524
404266
413203
401106
399965
401525
401045
403086
395935
405525
406314
403667
406635
412027
396843
395669
400190
394826
398122
397023
400085
396165
396537
395718
396051
402976
395973
396753
401854
402240
396892
395749
395250
396018
396353
405477
415168
413182
397104
396026
404939
395770
404875
406313
396000
395815
395824
397041
397428
394386
400181
397367
404437
405917
412480
409923
398716
395921
396736
396565
396522
404047
409147
404719
396308
395961
396414
396719
415035
413979
405294
412870
399459
396163
396476
397738
397024
396245
396210
395657
395632
404288
413390
408464
405936
402347
402079
399618
396416
403129
405596
395951
395752
398732
404944
395761
395817
396635
404751
404456
406101
396406
396364
403803
409540
398959
398778
396314
396013
397176
397268
413750
407795
403229
395869
395832
396671
402815
409110
405513
413209
397118
403049
395769
405353
405863
398161
397774
396753
395804
395732
395843
396627
398204
402938
403115
395768
402889
404941
403176
404305
415161
413963
413943
408562
404265
396333
405605
401354
403103
396180
395998
403095
404162
403986
403788
411518
407085
401136
402890
399508
404918
403117
395754
403058
401817
403182
403896
402088
403847
397292
397027
395730
405440
401729
413899
403866
405860
407036
407090
408044
396062
396459
404412
407085
400659
398161
397736
396076
396048
395783
396716
396091
395524
405516
404453
404975
407068
406166
403034
400910
399643
396458
401285
400149
396859
401635
403090
395978
395628
404756
395858
396910
397182
396017
395061
394980
396636
406763
403901
409082
402969
399455
396387
396413
404718
405257
402795
396214
397065
394964
396173
413399
413710
399821
407126
407089
412433
408616
402736
397138
396076
396303
397164
395052
413361
407097
398920
397745
395743
395960
396428
404931
410251
413755
409079
411066
402941
403494
396138
395914
395638
405482
406848
404747
402002
413719
406029
404524
400184
399710
395590
404919
403085
395865
396192
402764
404571
411424
396065
396391
405385
404948
396459
395759
408718
405583
395697
396422
404480
409313
396258
396939
395808
404627
413217
396048
400249
396974
405253
396633
396520
396215
396091
396620
395848
401695
404622
403762
408181
399021
397558
396241
396156
410281
415072
415188
401742
404929
403651
397104
395937
396346
398204
394860
404486
408718
409145
402889
410572
395940
396013
405655
404706
413874
413182
396054
395250
398897
396210
395652
396689
404663
410268
415049
412873
401212
402732
399456
396153
396898
397539
397836
396938
396073
397469
397315
396938
404287
404488
405586
404761
404510
413833
395759
395838
395308
400249
396805
395859
396130
395733
404057
414055
404720
395110
402347
403372
396924
396720
395052
408042
399827
414983
413924
405286
408142
401467
405525
406718
402828
396159
396454
395590
396764
396166
396513
395719
396609
396689
399057
402988
396008
397267
395960
413370
402920
398757
396183
394948
396422
395862
396336
395811
396364
396293
403865
404595
404094
402842
404283
402953
399868
395813
402179
400351
398855
398776
402883
396030
395785
395755
395893
398853
405480
408687
409147
408546
401017
396409
401793
396477
403168
397149
397266
405072
413757
411665
398824
396225
402722
395764
403200
404875
407629
398822
400161
397607
403085
403189
404407
402846
399489
396117
395901
396703
403052
396817
396015
404328
410249
410184
403025
407089
401964
397859
396168
396896
396976
397171
396331
404947
401486
403977
413951
413743
397119
401093
396632
396241
395725
403092
395960
406778
404407
404638
407183
412912
402971
402744
405092
397621
398991
404190
405543
400883
400388
410569
395987
395562
395981
396402
396896
394977
403098
403137
403115
395966
404480
399973
401090
396282
399274
396666
395761
395042
404725
409257
399819
397038
396946
403102
396534
396173
404057
405494
410252
403771
412873
396967
395982
406940
407209
402738
401739
396036
397256
396717
402838
407034
403926
403560
395846
397165
396490
395740
406763
403808
405202
412837
405208
403057
395865
396615
415161
409578
407471
415747
405274
396038
395047
402927
397065
395940
405593
414232
414245
403866
396386
396425
398291
396159
396504
395717
408662
396416
395786
395691
403320
407795
402724
397561
396311
403070
395837
404245
403982
413814
413742
402739
401830
400155
395795
395903
402623
400341
403162
396011
396835
404243
399809
413208
404130
404630
402479
402844
398756
396522
396497
396938
395630
398853
396716
396190
404450
396270
395985
396086
396859
396295
396034
405122
395729
395695
396137
407799
396223
396170
406099
413955
404519
397757
395927
395855
392193
403481
396191
396228
394957
399788
395820
397254
395739
396542
402797
399641
396306
396158
396458
404919
396160
395606
404878
405477
411978
403049
396471
395733
405435
413743
406305
404594
411350
396720
401964
398822
397026
396361
402736
405790
398752
396333
398156
413361
396295
405793
415524
396511
399822
396021
396202
396635
396209
396583
402324
400388
403056
399536
396380
394995
396684
409838
413392
408444
396345
396027
394114
413401
409173
405298
397622
400360
396641
396435
402702
409795
404724
404654
407078
401163
397121
396076
395805
395651
396218
396709
396422
402883